%YAML:1.0
---
image_width: 320
image_height: 240
board_width: 8
board_height: 5
square_size_mm: 28.
K1: !!opencv-matrix
   rows: 3
   cols: 3
   dt: d
   data: [ 297.81340344936376, 0., 174.31623617162705, 0.,
       305.6010851747381, 121.47126330622444, 0., 0., 1. ]
D1: !!opencv-matrix
   rows: 1
   cols: 5
   dt: d
   data: [ -0.044965550702891731, 0.090751074825299913,
       -0.012348503777736344, 0.0042186119846379664, 0. ]
K2: !!opencv-matrix
   rows: 3
   cols: 3
   dt: d
   data: [ 293.99320013355947, 0., 165.08032871161774, 0.,
       301.97674202124136, 115.54050633612738, 0., 0., 1. ]
D2: !!opencv-matrix
   rows: 1
   cols: 5
   dt: d
   data: [ -0.089150653261235904, 0.11547819118801689,
       -0.0085685740214471416, -0.0052768155085969977, 0. ]
R: !!opencv-matrix
   rows: 3
   cols: 3
   dt: d
   data: [ 0.99941180029998911, 0.033212405933062142,
       0.008543390033949539, -0.033625845704902679, 0.99797791507729217,
       0.053938701491702046, -0.0067346805243283618,
       -0.054194253478744042, 0.99850770000442002 ]
T: !!opencv-matrix
   rows: 3
   cols: 1
   dt: d
   data: [ -71.298567499746852, 6.1471193307285228, -1.5336622753551155 ]
E: !!opencv-matrix
   rows: 3
   cols: 3
   dt: d
   data: [ -0.092969575871900856, 1.1974225368180051, 6.2206697362379115,
       -2.0129332496178898, -3.9149092538059405, 71.179065972783405,
       -3.7460289672551808, -71.358556363926084, -3.898269387182459 ]
F: !!opencv-matrix
   rows: 3
   cols: 3
   dt: d
   data: [ 2.1766216023025659e-07, -2.7319884623474514e-06,
       -0.0040434239830812605, 4.5881250832890345e-06,
       8.6959477810565967e-06, -0.050173363826820819,
       0.0020123552095555855, 0.047310900834137574, 1. ]
R1: !!opencv-matrix
   rows: 3
   cols: 3
   dt: d
   data: [ 0.998232766980367, -0.053783667257444746,
       0.025271724576308375, 0.05307186345187901, 0.99819694240403911,
       0.02803999794887331, -0.026734252120929673, -0.026649227222720284,
       0.99928729525195437 ]
R2: !!opencv-matrix
   rows: 3
   cols: 3
   dt: d
   data: [ 0.99607522797665116, -0.085878209106752063,
       0.021425998503672255, 0.086432725289008971, 0.99590635820439866,
       -0.026455806303470494, -0.019066310874867973,
       0.028203880737746122, 0.99942034044787886 ]
P1: !!opencv-matrix
   rows: 3
   cols: 4
   dt: d
   data: [ 365.58332530591997, 0., 160.69447898864746, 0., 0.,
       365.58332530591997, 116.34779071807861, 0., 0., 0., 1., 0. ]
P2: !!opencv-matrix
   rows: 3
   cols: 4
   dt: d
   data: [ 365.58332530591997, 0., 160.69447898864746,
       -26168.271897548933, 0., 365.58332530591997, 116.34779071807861,
       0., 0., 0., 1., 0. ]
Q: !!opencv-matrix
   rows: 4
   cols: 4
   dt: d
   data: [ 1., 0., 0., -160.69447898864746, 0., 1., 0.,
       -116.34779071807861, 0., 0., 0., 365.58332530591997, 0., 0.,
       0.01397048023412515, 0. ]
error_left: 0.34667009690834361
error_right: 0.3799656483805523
error_stereo: 0.40455129732689343
